sorting from { x: 112, y: 121 }
114 124 Farm 36
116 124 Farm 50
117 119 Farm 53
116 116 Farm 64
117 116 Farm 70
121 119 Farm 92
109 112 Farm 94
104 129 Farm 113
101 126 Farm 120
99 119 Farm 131
114 108 Farm 131
112 107 Farm 140
125 113 Farm 152
126 128 Farm 156
122 135 Farm 172
99 133 Farm 176
130 119 Farm 181
131 122 Farm 190
110 140 Farm 191
95 111 Farm 197
92 120 Farm 200
112 100 Farm 210
113 145 Farm 240
87 114 Farm 259
120 146 Farm 262
96 142 Farm 264
86 115 Farm 266
138 113 Farm 272
132 102 Farm 275
111 149 Farm 280
84 117 Farm 282
97 145 Farm 283
129 145 Farm 294
106 150 Farm 296
118 150 Farm 296
95 146 Farm 302
123 150 Farm 310
82 112 Farm 313
124 150 Farm 313
83 137 Farm 331
88 144 Farm 332
144 130 Farm 332
118 154 Farm 335
127 152 Farm 344
150 126 Farm 383
74 130 Farm 390
146 100 Farm 399
152 121 Farm 400
136 153 Farm 400
73 130 Farm 400
126 159 Farm 404
140 151 Farm 410
139 152 Farm 411
127 160 Farm 417
129 160 Farm 425
119 77 Farm 445
154 104 Farm 453
137 159 Farm 454
69 106 Farm 455
114 75 Farm 460
90 162 Farm 465
159 121 Farm 470
157 106 Farm 474
142 158 Farm 476
114 73 Farm 480
155 98 Farm 487
132 76 Farm 492
63 126 Farm 492
75 154 Farm 495
63 105 Farm 515
134 73 Farm 528
70 153 Farm 528
138 75 Farm 528
86 75 Farm 528
79 79 Farm 534
143 165 Farm 538
98 69 Farm 538
150 161 Farm 551
78 165 Farm 556
59 139 Farm 559
133 69 Farm 560
162 95 Farm 563
71 82 Farm 565
112 178 Farm 570
153 81 Farm 572
132 66 Farm 585
163 150 Farm 586
53 124 Farm 590
149 168 Farm 598
53 135 Farm 606
165 91 Farm 609
65 160 Farm 610
146 172 Farm 612
149 72 Farm 614
115 183 Farm 620
114 184 Farm 630
159 165 Farm 643
142 179 Farm 652
56 156 Farm 660
149 66 Farm 662
70 67 Farm 684
176 94 Farm 694
111 191 Farm 700
66 68 Farm 701
93 53 Farm 706
142 57 Farm 706
41 110 Farm 718
140 54 Farm 726
67 63 Farm 734
161 66 Farm 736
42 145 Farm 740
162 66 Farm 743
134 50 Farm 743
38 129 Farm 744
37 122 Farm 750
55 170 Farm 751
156 60 Farm 752
70 185 Farm 765
159 59 Farm 778
37 143 Farm 781
188 141 Farm 785
74 190 Farm 787
91 45 Farm 788
72 52 Farm 797
36 146 Farm 800
46 75 Farm 804
140 197 Farm 809
55 63 Farm 813
35 91 Farm 826
36 154 Farm 828
46 172 Farm 834
30 141 Farm 844
193 97 Farm 844
196 131 Farm 845
113 36 Farm 850
198 126 Farm 861
27 137 Farm 864
197 101 Farm 873
195 149 Farm 875
198 138 Farm 876
199 108 Farm 879
52 56 Farm 884
26 100 Farm 885
154 43 Farm 885
84 36 Farm 894
26 148 Farm 901
133 33 Farm 904
199 95 Farm 908
193 163 Farm 912
174 54 Farm 912
78 35 Farm 924
54 48 Farm 932
67 203 Farm 935
48 52 Farm 941
57 44 Farm 946
190 67 Farm 948
206 108 Farm 948
207 122 Farm 950
17 117 Farm 950
206 104 Farm 955
186 60 Farm 959
183 56 Farm 962
18 142 Farm 963
22 86 Farm 965
72 209 Farm 966
16 109 Farm 967
23 83 Farm 967
62 38 Farm 968
194 175 Farm 981
13 108 Farm 998
87 23 Farm 1011
29 63 Farm 1012
12 139 Farm 1016
11 105 Farm 1022
151 217 Farm 1036
10 101 Farm 1039
160 28 Farm 1046
7 108 Farm 1058
71 23 Farm 1062
152 221 Farm 1077
9 89 Farm 1078
15 71 Farm 1091
98 12 Farm 1098
24 55 Farm 1100
2 127 Farm 1101
10 71 Farm 1135
106 7 Farm 1141
20 189 Farm 1144
10 68 Farm 1149
75 12 Farm 1151
197 41 Farm 1167
9 65 Farm 1172
49 22 Farm 1173
107 3 Farm 1181
33 32 Farm 1190
135 4 Farm 1192
117 242 Farm 1211
170 229 Farm 1225
26 33 Farm 1230
56 9 Farm 1252
151 2 Farm 1252
4 54 Farm 1270
112 249 Farm 1280
111 250 Farm 1290
128 250 Farm 1299
192 18 Farm 1304
10 38 Farm 1315
7 40 Farm 1326
44 6 Farm 1336
7 37 Farm 1344
31 13 Farm 1350
6 37 Farm 1352
196 15 Farm 1352
6 33 Farm 1377
191 6 Farm 1395
1 35 Farm 1404
3 32 Farm 1407
212 222 Farm 1421
2 28 Farm 1440
7 16 Farm 1484
18 5 Farm 1493
219 237 Farm 1578
29 264 Farm 1653
299 107 Farm 1875
299 97 Farm 1885
103 323 Farm 2022
101 323 Farm 2022
48 350 Farm 2377
44 351 Farm 2398
145 580 Farm 4601
760 153 Farm 6487
797 6 Farm 6945
