426 469 Marshman 11 0 5
417 460 Elderan 13 0 7.810249675906654
412 448 Reacher 28 0 20.248456731316587
402 454 HobbitLJWT 15 0 23.706539182259394
400 472 mikerland 26 0 24.041630560342615
392 466 Kgfloy 20 0 31.016124838541646
413 606 MistressKaela 13 1089 141.35416513141735
412 606 LambofG 18 0 141.42842712835352
412 608 LambofG 18 0 143.42245291445826
449 322 Prestonias 24 0 145.34441853748632
412 613 loele 15 0 148.4082207965583
410 615 chrisloveslife 14 0 150.56227947264878
273 451 Asskickerville 11 405 150.65191668213185
425 617 Predator_world 31 0 152.0131573252789
273 437 koibur 11 0 152.5909564816998
443 618 Ovitza 26 0 154.30165261590687
422 620 MrsMarkson 11 599 155.00322577288512
409 621 Vidar500 16 36 156.62694531912445
442 621 Mikehawkizard 12 0 157.15279189374905
267 446 Luke 21 0 157.15279189374905
408 622 mattlt 27 0 157.71493271088823
424 624 KingPate 21 0 159.00314462299164
412 624 LordNein 20 2264 159.38004893963358
406 624 Benaza 23 0 159.90622251807463
408 625 Jensenville 12 1196 160.70158679988197
440 625 badassT 11 0 160.90059042775448
405 626 Malaf 14 0 162.00308639035245
401 628 TomRiddle 11 0 164.47796204963143
402 630 Grunbarbiljak 24 0 166.33099530754933
409 635 Dorf 27 0 170.57549648176317
424 636 Willisford 17 0 171.00292395160966
445 635 Jarhead1371 21 437 171.41761869772895
424 639 Willisford 17 0 174.0028735394907
414 639 Trickala 13 650 174.23260314877925
424 641 _____ 32 484 176.00284088616297
433 641 GiarcEkal 12 0 176.28386199536246
432 644 KazeKing 32 250 179.22611416866684
415 645 ZombieNoob 19 0 180.17769007288334
392 646 smssol 11 0 183.63550854886427
450 647 Z0mbieL4nd 19 0 183.99184764548673
426 649 FantasyBallers 11 0 184.0244548966251
392 648 Hanane 16 964 185.60711193270586
410 652 Deathskull 25 0 187.45132701584163
404 652 Mitt_Romney 15 0 187.9627622695517
429 653 NewUser-8XGM 15 0 188.09572031282372
396 652 Beeboop 29 0 188.939143641544
440 654 Benji93 21 0 189.76301009416983
427 656 cracked_canoe 16 0 191.04188022525324
409 657 Stout 22 0 192.50974001333023
430 658 LordOfDaElves 11 0 193.12690128513947
414 658 Nanuck 11 0 193.2097306038182
434 660 DezertKing83 12 100 195.31000998412753
400 659 Ollyjimct 19 0 195.35864454894235
404 660 Azzar 30 846 195.92345444075858
438 661 albertor 13 1160 196.57314160383152
438 664 grendelf 21 0 199.56452590578317
452 687 Drizzle 14 0 223.8861317723811
450 688 NewUser-2RKP3 18 5 224.62858233092243
648 415 Sitaa 13 0 230.4886114323222
418 702 Jesse74 17 0 237.05273674859777
463 699 mart840a 12 0 237.39418695494632
650 391 HobbitPit 16 0 238.75719884434898
405 704 NewUser-1VCWP 14 0 239.67686580060246
451 706 Umbar 25 0 242.62110378118388
660 405 Julianna 24 0 244.47699278255203
456 708 SirCalvinofElbi 14 0 245.2305038122297
656 387 coldblooded 36 0 245.70917768776974
658 393 Dhufish 29 0 245.78242410717655
657 389 Sausland 22 0 246.03251817595168
412 712 Wtfisthis 29 0 247.24481794367298
449 711 Vengence999 20 800 247.37016796695596
448 712 Charon 19 0 248.26195842295292
447 718 humdinger 16 0 254.13579047430528
390 718 LordStawnj 17 0 255.14309710435043
167 464 Byakko 16 0 256.0019531175495
395 725 Hamish_the_gray 18 0 261.50334605889844
399 726 EvilPL 12 0 262.1011255221923
161 455 mexmariachi 39 0 262.1907702418222
399 727 takkuny 20 0 263.09694030908076
160 450 Elaneer 12 0 263.4274093559742
394 727 KING98 13 0 263.60007587252323
159 459 johnnyb 17 0 264.06817301598466
159 449 Notmyown 24 0 264.48440407706465
152 459 Willa 11 0 271.0664125265246
151 465 Kiwiwarrior 20 2204 272
150 443 Phoenix12 22 0 273.8850123683295
148 457 Drstormaggedon 15 0 275.11633902769205
697 499 Mule 13 965 276.1014306373656
146 456 Underworld 17 0 277.1461708196597
146 452 Estra 12 228 277.3048863615641
702 502 Aerael 20 0 281.44271175498574
154 380 SH7 18 0 282.10990766011747
148 402 mmgd66 13 0 282.1240861748603
140 477 petter82 15 0 283.2543027034188
139 466 FaithnDestiny 19 1920 284.0017605579233
319 200 Strange1843 11 0 284.6770099604111
148 391 Thorngrin 12 0 284.7823730500187
150 378 Jackdalf 15 0 286.5274855925693
706 510 Amed 12 0 286.55540476494247
135 455 Fimbar 26 0 288.17355881482257
146 385 Ajion 38 1008 288.3210016630769
148 377 LadyEowyn 29 0 288.73690446494714
710 502 Lykos 27 0 289.3751889848195
134 443 novel 12 0 289.836160614924
138 406 loucarr90 21 0 291.04295215655026
684 335 Lukepier 18 0 291.5836072209822
131 455 Sexy'n'hot 14 0 292.1711826994579
143 380 Ajion 38 1008 292.61749776799064
130 465 Drastic 46 0 293
312 193 BubbledNoob 15 0 293.7771264070775
714 507 Thargelion 15 0 294.0153057240388
136 396 Chewaka 18 0 295.1779124528121
718 476 SubZero 20 0 295.2050135075622
308 193 mytown 32 0 295.3116997343654
329 185 Tuana 16 0 295.357410606201
307 193 Raiden13 11 0 295.70255325241953
145 567 bodum 11 1240 296.1215966457023
347 752 VHAERUN 13 0 296.89223634174067
690 335 mattblais21 11 0 296.9663280575763
683 321 Menzo 12 0 297.21372781215877
720 481 usarmydany 24 0 297.4306641891518
340 179 Dunce 12 0 297.80026863654774
145 574 EdenLoveThomas 11 0 298.60509037858014
138 375 HareMoose 15 0 298.8728826775691
141 366 Avyeh 14 500 298.8728826775691
722 473 Beeya 13 834 299.1070042643602
123 456 elthlandil 18 0 300.13496963866106
145 580 panga 14 140 300.84713726409296
722 499 hambone 14 0 300.9269014229203
122 461 PublicChair 14 0 301.0265768997814
122 458 Forsho1 22 0 301.0813843464919
309 186 spurmbank 15 4 301.39177161959816
138 564 HighmayLand 45 0 301.70515408259104
121 462 Dawain 23 0 302.0149002946709
140 573 CanadianPanda 44 0 302.9075766632456
725 490 Ivo15 11 0 303.03300150313663
694 329 lEgozo 16 849 303.2111475523286
608 224 Filmoresnach 16 0 303.81902507907563
119 468 Blar 15 900 304.0148022712052
621 234 Scaleymanfish 13 1505 304.2449670906653
333 174 Mount 30 0 304.59973736035954
133 368 baraedeznu 12 0 305.7924132479418
606 220 tAzzLe 13 0 305.80058861944656
134 565 tigerpar 29 0 305.81203377238114
729 477 Liamthewhite 11 636 306.23520372419625
729 480 KINGANUS 12 0 306.36742646697934
621 231 Leilaville 15 0 306.52895458667524
346 764 Melchizedek 14 1537 308.75556675143525
732 475 Fuzz 12 1450 309.16176995223714
133 573 Lankin 12 0 309.45758998609165
624 229 Shegmin 11 1585 309.9951612525589
612 218 Sigdale 11 145 311.01446911679204
615 219 fili_kili 27 0 312.05768697470023
733 502 pi23 17 0 312.200256245891
133 581 Galamoria 17 0 312.33955881380126
131 576 kix999 14 1425 312.385979198811
617 220 fili_kili 27 0 312.50759990758627
630 230 Eldorado3 14 40 313.16768671112925
129 573 Bjorklo 11 0 313.2091952673165
626 226 TheFohn 16 0 313.5761470520358
623 223 Keltic 35 0 313.94904045083496
130 579 TheHydra 29 0 314.39624679693617
619 219 Austin952 14 0 314.53457679562035
126 569 Atlantis 26 0 314.6823795511913
329 164 Eruantien 11 0 315.3363283860583
336 769 jackHerr 12 0 316.2040480449294
342 771 Leggolas 21 0 316.5390971112415
619 215 Traveler 23 0 317.6727876290319
336 771 NewUser-7JF9 15 0 318.1273329973393
351 775 NewUser-2OJSC 19 0 318.2514728952562
339 772 kristenhill 19 0 318.28446396266344
622 216 Traveler 23 0 318.750686273771
739 507 Sanjeron 27 0 318.7789202566569
742 482 AxtonBoss12 11 660 319.4526568992658
742 485 Morrovius 20 0 319.62634434601915
740 511 Garetjx 47 0 320.3201523476161
344 776 Jeff 12 0 320.87692344573486
632 216 Alaska 35 0 325.0876804802052
337 780 tarindis 12 0 326.52871236692187
632 214 Alaska 35 0 326.6221058042459
100 415 Loudi 16 0 326.8470590352619
106 383 SveNssoN 29 0 327.43396280776983
97 415 UberMonkeyz 11 0 329.81206769916713
99 403 Noobie 15 827 329.8787656094281
333 783 Dbra15 11 0 330.4905444940899
95 413 Beardedwhitegod 23 12 332.0963715550051
104 371 eric1654 13 1650 332.56127254988667
344 789 Micky 27 0 333.492128842646
103 371 Valthria 14 356 333.52061405556327
636 208 sture 19 0 333.79334924470857
638 209 Zackio 14 1201 334.3067453701765
630 201 huor 20 0 335.47727195743084
337 791 emaron 16 0 337.1527843574779
571 768 Johansburg 45 0 337.2135821701137
620 189 Presail 14 80 339.09438214160963
86 415 coldkiller 15 0 340.6890077475351
338 795 kingkev 11 0 340.77118422777477
92 378 NewUser-51PP 12 736 342.24260401066374
94 370 Parathone 21 0 342.4412358347049
91 379 nudgeatron 16 353 342.9577233421052
729 622 DuWelvarden 11 0 343.92586410446074
630 189 FCK_YOU 21 0 345
332 798 Thelaughingdead 14 0 345.21008096520006
501 128 NewUser-7MFU 17 0 345.9089475570125
85 387 Daniel1992 12 1200 346.88326566728466
628 185 West2082 19 0 347.02305398921266
102 333 bg1766 13 0 347.08068226278453
84 387 HareCobra 15 0 347.85772953895963
85 381 Mason12 12 0 348.28149534536
506 125 ypypyp 13 0 349.9842853615002
482 120 Legends 24 0 350.00857132361773
85 374 abSOUL 12 0 350.03571246374275
103 323 piekuta 11 0 350.09141663285607
731 634 B_Happy 12 0 351.31894341182345
101 323 Saintor 19 0 351.9204455555261
738 622 oldTinman 11 0 351.9573837838894
733 632 the7ofSwords 35 0 352.120717936335
739 621 vxrracer1 14 0 352.40885346426813
99 323 ThousandSunny 36 0 353.75132508585745
96 330 DwarvenKing 22 0 353.7711124441904
488 117 Bradypat 14 1677 354.0183611057483
736 631 orCHAZmic 16 0 354.29507476113747
736 632 bluto 18 0 354.76471075911707
483 114 Jwallace 14 0 356.09128043241947
584 783 Dobbie 16 0 356.4337245547901
219 172 Darthpetman 40 0 357.0224082603219
208 176 Bigemcginn 23 600 360.20272070044115
492 111 Kirsam 14 0 360.6618915272308
740 638 SCage 38 0 361.13432404023854
163 214 QueenJustice 17 0 361.3876035505369
386 100 joy1 14 1 366.87054937675225
162 207 Avacodo 11 0 366.9945503682582
586 794 Morgroth 18 0 367.16481312892716
386 97 joy1 14 1 369.8553771408495
154 210 Carrascal 12 690 370.65617491146696
162 201 SkyNL 19 0 371.2371209887287
153 210 Carrascal 12 690 371.3825520941984
200 168 gibbo 12 1430 371.4000538502923
395 93 poopoocaca 11 0 373.05227515724926
483 95 CallumS94 15 0 374.83329627982624
160 196 Aramitheas 20 2822 376.20473149603
155 200 Ciara1888 12 0 376.89388426983
210 153 Relday 11 90 377.7737418085063
200 160 Ecce 16 0 377.828003197222
736 678 PooheadPan 17 0 378.6000528261981
732 684 Dwarodelf 30 0 378.73737602724134
484 91 Evenstar21 12 0 378.9419480606495
193 163 Mord 13 0 379.610326519182
150 200 Bruce 11 0 380.4655043496059
166 184 Beowoulf 16 0 380.8017857100988
734 685 Norxton 22 0 380.9475029449596
197 158 Lalena 14 0 381.21516234273787
483 88 Elderon 15 1120 381.74467907228257
63 335 Egio 11 0 382.7531841800928
195 157 BrewBeard 20 0 383.20751558391964
138 208 Dazland 25 1086 383.7629476643101
736 688 Libby 18 0 384.3149749879648
487 86 Darwin69 18 576 384.365711269879
194 154 DoubleAK 12 357 386.21496604870197
195 151 Rimany 11 0 388.0463889794621
58 333 Melv 48 0 388.13528569301707
494 83 IGISS23 13 0 388.54214700595867
177 164 Lazydog 32 1222 388.73770077006935
144 194 Qwerty99 16 0 388.9498682349693
494 82 GandalfsGrotto 15 0 389.5253521916128
164 174 btrippin 21 0 389.56642565806413
140 197 swedishrose 18 0 389.76018267647606
731 704 KingOlwe 25 0 389.85253622363416
496 82 JoeBro 36 0 389.89485762189787
152 183 FireMedic 13 1156 391.10740212887816
499 81 Jmcgarry1337 14 0 391.44859177163994
745 688 Andred 34 0 391.6797160946683
163 172 RedOctober 13 0 391.72566931463655
741 694 AnthonyBeck 12 0 391.87370414458786
138 196 GodKingLenek 18 0 391.9004975755964
146 187 Peredhil 21 0 392.44490059115304
748 685 Moot 24 1799 392.4601890638081
746 689 Andred 34 0 393.0712403623547
749 685 NewUser-27CMU 19 0 393.28869803237416
488 77 1a2b3c 15 0 393.40691402160184
500 79 lonlymountin 12 351 393.605132080363
154 177 ElfWill 24 0 394.08755372378863
44 351 Ax3l 20 0 395.77392536649
39 369 Allnighter 15 2116 395.8181400592954
738 706 iammclovin 14 0 396.61820432249453
60 305 Melv 48 0 396.6976178400874
146 181 Warland 12 0 396.7177838211945
736 709 Chickenherder 12 0 396.86899601757756
37 371 BeccaLynn 12 822 397.28075714788906
55 313 Seantherightous 11 280 398.15574842013774
135 190 FarAwayWorlds 31 0 398.2072324807775
178 151 Sarah 11 665 398.2725197650473
40 355 monsterr 14 0 398.4833748100415
159 165 musicmatt 17 968 399.6198193283211
131 191 Boss25 13 0 400.42477445832446
738 713 Chickenherder 12 0 400.9102143872116
142 179 conceited 12 770 400.94513340356184
145 176 Rivendalia 31 0 401.00498750015566
149 172 VoodooAndrew 14 0 401.15458367068425
748 701 NewUser-346ZO 15 990 401.64785571443053
172 151 Elrond124 11 1592 401.99129343805447
744 708 Tiny 20 900 402.6040238248992
160 160 Emericanized 11 744 402.7331622799394
146 172 walhalla2 14 0 403.20962290104137
37 346 Newfie 22 1272 403.92697359795125
149 168 YoungGun 17 0 404.0853870161602
31 366 Syphyliss 11 0 404.3080508721042
40 335 wossie 14 0 404.46137021970344
53 301 elfKingJamjams 12 0 404.7171852046809
152 164 Weedz 27 0 405.0209871105447
28 374 Elladan 20 0 405.3467651283281
747 709 Hunga 18 300 405.6007889538678
142 172 Finchy 13 0 405.96797903282965
42 324 Booo 11 144 406.25361536852813
45 316 Stoneforge 11 0 406.3065345278119
44 318 TheGingerWizard 34 0 406.5095324835569
137 176 Furney 11 1498 406.5919330237628
45 315 Stokecityfc 14 1755 406.67431686793304
743 716 Quarion 23 0 406.69521757699584
50 302 Brenning15 12 0 407.060192109226
41 324 Happeyassassin 11 0 407.191601092164
154 159 LordSaradoc 15 0 407.4272941274308
26 373 jamesc12 15 0 407.52055162899455
163 150 Michaeljones 31 0 408.4421623681865
150 161 Weedz 27 0 408.58903558465687
36 332 Aarroon 14 0 409.21632421006865
151 159 Theland 11 0 409.41421567893804
42 315 NYCT 25 0 409.46428415675035
143 165 FieGit 13 0 410.3656905736638
576 84 McGridley 37 0 410.5727706509529
52 289 Achmed 13 0 410.6300037746877
43 306 Amtate2 12 0 411.92353659386833
37 320 Flutchgreen 13 1472 412.336028015986
770 242 Tonio 19 0 412.47787819469784
772 245 Sasquatch 12 966 412.5542388583591
153 153 NaughtiusMaxim 27 0 412.6063499269007
40 309 CatanFreak 12 0 413.5516896350443
581 81 IronSprear 13 0 415.234873294621
142 158 Ksantor 26 0 416.18505499356894
47 283 NEW_USER 18 0 417.73197148410844
50 276 2ndBankofPA 13 840 418.1506905411015
137 159 Brenjambo 25 0 418.84603376419835
588 79 Mellany 13 0 419.78685067543506
598 82 DonGideone 11 0 421.0866894120497
577 73 MagicFanJordan 11 0 421.16505078175703
767 221 Jewtown 21 0 421.74874036563523
584 75 xulek 12 0 421.9253488473998
599 81 Dolgan 11 0 422.4121210382107
139 152 Toddlaaaa 11 0 422.6405091800832
770 223 Stonehege 20 633 423.0520062592778
43 279 Ript3ar 17 601 423.07918880512193
136 153 Rolando 19 0 423.9257010373398
779 234 LASTS0LD13R 12 0 424.37836891151744
773 224 pirateninja 20 0 424.9482321412809
43 272 Daenerys813 19 0 426.20300327426133
604 79 Richard_TheLion 31 376 426.32968463385237
780 231 Byfevertown 42 4494 426.85477624128794
573 64 bankofpudding 16 0 428.1366604251498
781 230 Byfevertown 42 4494 428.23941901697935
43 259 ravencroft 14 0 432.24530072633524
579 61 snorlacks 16 0 433.0727421577119
124 150 nicholasmaximus 11 0 434.3109485150012
585 62 Decobeleko 13 0 434.34203112293886
129 145 Mitrandil 14 1016 434.5526435312527
123 150 Ave 20 871 435
118 154 Hal11 11 1484 435.59843893200537
781 214 Khaos 11 1293 437.2241987813575
39 255 Olivia 24 0 437.6711093960852
777 207 Elmora 12 0 438.0410939626555
118 150 Kaldor 15 0 438.46322536787505
592 59 Danico 21 0 439.76925767952446
120 146 Might_o 14 0 439.9659077701362
35 255 silverdragon 16 0 441.184768549414
29 264 laourde 14 0 442.3087157178796
595 57 Earindil 11 0 442.77307957914513
784 207 ElrondNorway 15 0 443.71725231277634
134 128 Stealinwilds 45 0 443.9481951759687
111 149 Thorkel 18 0 444.07206622349037
130 130 Sammear 12 0 445.05505277437305
113 145 Sigurd 13 1050 445.5333881989093
592 52 Shandraai 18 0 446.23984582284896
122 135 moria1 13 0 446.65534811530017
20 272 Caradoc 37 0 446.83106427373644
106 150 KingJones 14 0 446.8937233839831
118 138 fertilityban 16 0 447.16216297893544
794 215 Blango 16 0 447.37121051761926
25 260 windwalker2 11 0 447.6929751514982
126 130 Youtube 12 1375 447.69855930078666
787 203 Cybele 23 0 448.4863431588525
126 128 Wargoo 20 0 449.1970614329528
22 262 Luucc 11 0 449.45522580119143
20 266 TMag 14 0 449.45522580119143
789 204 Buttonville 21 0 449.5297542988673
594 49 WillFlipUrSht 22 0 449.7743878879721
787 200 Caradoc 37 0 450.2454885948331
599 50 Smegol96 14 0 450.7782159776579
110 140 childermass 16 0 451.2139182250477
111 137 FlowerBank 11 0 452.6897392254435
799 212 Mercenary 36 0 453.1942188510352
130 119 jimbo4321 20 0 453.3927657120259
64 188 ineedmoney 18 0 453.4423888433899
62 189 Spike65 13 0 454.41940979672074
63 187 C41N 47 0 454.84502855368225
97 145 Lou 18 0 456.8106828873423
772 760 jk14789 23 0 456.9748351933616
62 184 Dukedum 12 0 457.4734965000705
104 137 Qtpatootie 12 0 457.54234776684876
95 146 SquishtheBug 15 0 457.54234776684876
17 253 Fatspasm 11 0 458.0174669158372
776 757 Unicycle 16 0 458.11898017873045
103 137 Aesthetic 12 0 458.2401117318299
121 119 kingbum 12 1430 459.26027478979717
17 250 Sauraman 12 0 459.41375686846817
796 196 NewUser-2GHTF 11 1556 459.8804192396106
114 124 Elimayo 22 0 460.1760532665732
64 176 andural 27 400 460.87091468219165
125 113 Sambarnes94 15 0 461.202775360253
117 119 Eodyn 14 0 461.9004221691078
56 184 JSal 11 898 462.22288995678264
57 182 retardation 11 0 462.6499756835614
118 116 Archrune 14 260 463.49325777189034
58 179 Wildfritz 32 2528 463.7035691042285
589 32 Mani 11 0 463.72944698390677
99 133 Brian25 11 0 463.89654018972806
88 144 MungoMaggot 12 0 463.9676712875586
117 116 Archrune 14 260 464.15191478652764
116 116 jaikie 15 0 464.81178986768396
779 764 Paranil 11 822 464.9053667145605
87 142 ElJefedePirate 14 9 466.074028454708
593 31 letzini 19 0 466.10728378775633
128 104 NewUser-35LYD 13 0 466.2038180881834
101 126 Morigul 14 0 467.552136130293
595 30 Seaglider666 23 0 467.7702427474411
598 28 Sir_Robert 11 1373 470.7377189051245
102 119 Ethanr2139 28 0 471.9713974384465
785 768 Amerill 37 0 472.07308756166134
114 108 kurtisap37 13 0 472.15463568623363
132 93 Riatsala27 12 0 472.2975756871932
83 137 Ben6211 23 0 472.42353878696605
109 112 Zenoa 13 0 472.4457640830321
94 124 roebandit 16 0 473.83752489645644
99 119 Blake 13 1101 474.01687733666193
798 761 TwoSock360 13 729 477.74574828040073
589 17 VonDracul 15 0 477.7656329205775
102 111 Basistsdoitdeap 36 0 477.8671363464954
92 120 Li57 14 444 478.10668265566
120 95 Twiglet 12 0 478.2352977353303
94 117 Eskil 11 0 478.89978074749627
586 13 lotrdame 13 0 480.49245571600807
786 781 MinatoMinoto 12 400 481.27435003332556
93 113 FreakyFloBank 14 0 482.4976683881488
95 111 mkulifay13 13 310 482.59714048054616
138 75 Cedars 17 0 483.03726564313854
791 779 Val'theron 16 0 483.7561369119776
92 112 jzushugsdaloser 16 0 483.911148869294
106 99 PurpleShireling 16 0 484.19520856778416
214 27 Ezikiyil 18 0 485.3091798019073
104 99 sam_wise_andy2 22 0 485.5069515465252
132 76 Skybond 12 0 485.8003705227076
84 117 Lloyd 18 272 485.8240422210494
86 115 Krawn 16 0 485.8693239956604
87 114 Talandrius 34 0 485.8981374732774
102 99 Legos 13 632 486.8233765956602
81 114 Figalino 11 642 490.0663220422313
82 112 Maxzeth 16 0 490.8054604423223
133 69 smartyy 25 0 490.83194680053174
97 97 JonRolan 15 0 491.62994213127416
132 66 Gladale 28 0 493.84410495620983
213 16 Dude 14 0 495.68235796727726
799 792 Senelia 14 2000 498.30211719397704
140 54 seba 15 0 499.00901795458566
793 800 Bronco2025 18 0 499.1242330322181
154 43 Bellheir 17 965 500.4448021510464
799 796 Tibino 60 0 500.9361236724698
800 795 Tibino 60 0 501.0279433325052
152 43 Teancum 14 0 501.52268144122854
219 5 HoneydewDwarf 16 0 503.20572333788095
134 50 Reb 12 0 505.7133575455566
201 9 wemzy2 27 0 507.1686110160999
63 105 Jalomount 12 1700 509.11688245431424
161 28 822576577574100 23 0 509.5223253204907
160 28 Adelaide 14 0 510.03725354134673
82 82 Zeras 26 2000 512.8060062050756
128 45 LittleGanda 12 0 513.2494520211395
62 98 Jenny 13 0 514.7912198163446
132 39 Norseman 25 0 515.9040608485263
89 71 Mvp 13 380 516.5191187168197
79 79 Caashe 18 1200 517.0415844011002
87 72 ChickenHawk 14 0 517.0541557709405
79 78 Mental_Tyas 11 0 517.7885668880687
77 79 fauna_ilab 18 0 518.3743820830655
76 79 Meros 13 0 519.042387479096
71 82 Mallory 23 0 520.1855438206641
78 75 Ashhhhh 16 2182 520.6966487312934
81 71 Caashe 18 1200 521.7278984298233
85 63 woodywoodpecker 17 0 525.2123380119701
83 64 JeffSpicoli 18 0 525.7385281677575
93 53 TurnAround 13 0 527.8674075939904
70 67 me_gusta 16 0 531.989661553681
67 63 Woodlandkeep 21 0 536.9729974589039
67 62 GoodKush 15 0 537.7220471581949
62 51 Asfaloth 15 0 549.2877205982307
52 56 Sweller 28 623 552.1974284619587
42 44 Mhodi 14 250 567.8045438352884
38 35 Emperors 13 0 577.1698190307598
